[app/ui]
version = 6.5.1
modtime = 1489568472.317013400

[app/launcher]
version = 6.5.1
modtime = 1489568472.328014500
